[M_l]
fx = 992.578
fy = 992.689
cx = 719.133
cy = 563.026

[D_l]
k1 = 0.0672947
k2 = -0.0611727
p1 = 0
p2 = 0
k3 = 0
k4 = 0
k5 = 0
k6 = 0

[M_r]
fx = 994.099
fy = 994.001
cx = 704.671
cy = 584.98

[D_r]
k1 = 0.058339
k2 = -0.0419255
p1 = 0
p2 = 0
k3 = 0
k4 = 0
k5 = 0
k6 = 0

[R_l]
r00 = 0.999999
r01 = -0.00113721
r02 = 0.000994589
r10 = 0.00113703
r11 = 0.999999
r12 = 0.000181513
r20 = -0.000994795
r21 = -0.000180382
r22 = 0.999999

[R_r]
r00 = 1
r01 = -0.000545401
r02 = -0.000807755
r10 = 0.000545254
r11 = 1
r12 = -0.000181168
r20 = 0.000807854
r21 = 0.000180727
r22 = 1

[P_l]
fx = 992.578
fy = 992.578
cx = 719.133
cy = 574.003

[P_r]
fx = 992.578
fy = 992.578
cx = 719.133
cy = 574.003
fxTx = -119592

[Q]
f            = 992.578
minus_cx     = -719.133
minus_cy     = -574.003
minus_inv_tx = 0.00829972

[image_size]
width  = 1440
height = 1080

[re_prj_err]
re_prj_err = 0.123758
left_err   = 0.119158
right_err  = 0.128357
stereo_err = 0.286465
dist_check = 0.0683535
